
=======
Wall: (372,741)-0-(372,534)-4-(137,534)-2-(129,526)-0-(129,95)-14-(136,89)-12-(1113,89)-10-(1119,94)-8-(1119,339)-6-(1112,346)-4-(580,346)-8-(580,385)-10-(590,395)-12-(1113,395)-10-(1119,400)-8-(1119,742)-6-(1113,747)-4-(376,747)-2-(372,741)
Wall: (318,394)-10-(308,384)-8-(308,194)-4-(863,194)-2-(873,204)-0-(873,244)-12-(376,244)-14-(372,248)-0-(372,394)-12-(308,394)
Wall: (580,628)-8-(580,533)-4-(901,533)-0-(901,618)-14-(891,628)-12-(580,628)
Nitro: (439,365),(672,127),(182,430),(1034,668)
Money: (1047,427),(409,279)
Flag: (689,629)-0-(689,748) (580,533)-1-(371,533) (580,345)-2-(580,245) (309,194)-3-(309,89) (369,394)-4-(369,534) (900,533)-5-(1120,533)
Mud: (408,469,24) (456,469,24) (408,421,24) (456,421,24) (475,246,24) (958,247,24) (958,199,24) (770,116,24) (510,143,24) (352,92,24) (258,191,24) (133,252,24) (257,348,24) (720,399,24) (964,489,24) (1012,489,24) (963,537,24)
Bot: (550,675) (550,330) (900,260) (900,150) (530,120) (370,175) (250,165) (220,375) (350,435) (430,385) (545,410) (930,505) (935,685)
Spawn: (746,662,1) (766,697,2) (806,662,3) (826,697,4)
=======
ScorePos: (161,658)
corePos: (0,0)
