=======
Wall: (195,610)-2-(71,487)-0-(71,66)-14-(80,57)-12-(301,57)-10-(309,64)-8-(309,208)-12-(403,208)-0-(403,34)-14-(410,26)-12-(767,26)-10-(775,34)-8-(775,329)-6-(769,335)-4-(594,335)-8-(594,441)-12-(954,441)-10-(960,447)-8-(960,750)-6-(954,756)-4-(389,756)-2-(384,750)-0-(384,610)-4-(195,610)
Wall: (227,438)-8-(227,335)-4-(423,335)-0-(423,438)-12-(227,438)
Wall: (538,207)-8-(538,134)-4-(636,134)-0-(636,207)-12-(538,207)
Wall: (543,661)-8-(543,577)-4-(765,577)-0-(765,661)-12-(543,661)
Nitro: (200,261),(687,102),(507,383),(876,614)
Money: (100,100)
Flag: (296,440)-0-(296,612) (228,336)-1-(71,336) (402,209)-2-(402,335) (635,207)-3-(775,207) (539,135)-4-(403,135) (424,386)-5-(593,386) (543,661)-6-(384,661) (764,578)-7-(959,578)
Mud: (176,334,24) (176,287,24) (176,239,24) (176,191,24) (224,237,24) (697,144,24) (436,51,24) (427,361,24) (475,361,24) (768,706,24) (716,527,24) (620,444,24)
Bot: (146,462) (156,163) (255,152) (282,252) (488,272) (707,263) (698,91) (489,95) (509,439) (467,696) (856,690) (855,510) 
Spawn: (360,477,1) (382,558,2) (420,477,3) (442,558,4)
=======
ScorePos: (998,206)
corePos: (0,0)