=======
Wall: (215,755)-0-(213,615)-2-(132,534)-0-(132,120)-14-(137,115)-12-(1010,115)-10-(1015,120)-8-(1015,395)-6-(1010,400)-4-(625,400)-8-(625,548)-12-(1080,548)-10-(1085,553)-8-(1085,755)-6-(1080,760)-4-(220,760)-2-(215,755)
Wall: (322,680)-8-(322,242)-4-(768,242)-0-(768,291)-12-(445,291)-14-(440,296)-0-(440,617)-2-(445,622)-4-(866,622)-0-(866,680)-12-(322,680)
Nitro: (225,477),(284,202),(938,191),(546,553)
Money: (100,100)
Flag: (390,680)-0-(390,760) (322,667)-1-(213,667) (322,244)-2-(322,114) (767,290)-3-(1014,290) (626,548)-4-(440,548) (867,624)-5-(867,550) (867,679)-6-(867,762)
Mud: (650,710,24) (223,307,48) (448,119,24) (496,119,24) (850,246,24) (898,246,24) (530,444,24) (895,630,24)
Bot: (275,720) (275,200) (800,200) (800,350) (590,370) (580,560) (900,600) (900,710)
Spawn: (440,707,1) (455,738,2) (480,707,3) (495,738,4)
=======
ScorePos: (822,483)
corePos: (0,0)
