=======
Wall: (1010,740)-4-(140,740)-2-(120,720)-0-(120,480)-14-(140,460)-12-(275,460)-0-(275,375)-4-(140,375)-2-(120,355)-0-(120,120)-14-(145,95)-12-(685,95)-10-(705,115)-8-(705,425)-12-(1020,430)-10-(1035,445)-8-(1030,720)-6-(1010,740)
Wall: (845,610)-12-(255,605)-8-(255,545)-4-(365,545)-6-(380,530)-8-(380,300)-10-(360,280)-12-(215,280)-8-(215,185)-4-(565,185)-0-(570,510)-2-(590,530)-4-(845,530)-0-(845,610)
Nitro: (310,440),(330,130),(610,380),(730,680)
Flag: (520,610)-0-(520,740) (260,605)-1-(120,740) (215,280)-2-(120,280) (710,420)-3-(565,420) (845,605)-4-(845,740)
Mud: (259,686,24) (202,552,24) (128,204,24) (383,100,24) (431,100,24) (575,250,24) (575,298,24) (929,508,48) (776,614,24) (728,614,24)
Bot: (200,665) (200,520) (320,490) (320,335) (190,320) (180,140) (640,160) (660,460) (910,490) (900,680)
Spawn: (580,645,1) (610,700,2) (645,645,3) (675,700,4)
=======
ScorePos: (950,230)
corePos: (0,0)
